nlr,404,32,63
fp,2800,256,219
nlr,1040,64,121
rtnl,784,64,97
fp,2748,256,209
tr,664,64,88
rtnl,352,32,59
fp,2728,256,212
nlr,592,64,76
nlr,1452,128,145
fp,1580,128,151
fp,2460,256,200
nlr,1908,128,177
rtnl,1408,128,140
nlr,2888,256,231
nlr,1724,128,160
nlr,1912,128,191
tr,1444,128,136
tr,2544,256,199
nlr,712,64,90
nlr,672,32,91
fp,1352,128,128
rtnl,1008,64,109
tr,1700,128,153
nlr,332,32,57
nlr,708,64,89
fp,1524,128,138
tr,872,64,101
rtnl,1152,128,117
nlr,2296,256,185
fp,2376,256,184
fp,2656,256,210
rtnl,3652,256,274
nlr,1244,128,121
rtnl,3668,256,284
rtnl,1780,128,170
nlr,2640,256,204
nlr,1972,128,181
nlr,3112,256,237
rtnl,672,64,78
nlr,1860,128,166
rtnl,1448,128,138
nlr,596,64,76
fp,1436,128,136
tr,580,64,72
nlr,3084,256,239
tr,436,32,65
tr,1644,128,154
fp,2980,256,225
tr,1120,128,117
rtnl,3236,256,251
tr,728,64,88
tr,1540,128,147
tr,636,64,78
nlr,2392,256,196
fp,4732,512,302
tr,808,64,93
tr,1360,128,131
tr,1256,128,125
fp,2732,256,200
nlr,1640,128,156
fp,816,64,96
fp,1592,128,145
tr,1540,128,146
tr,696,64,87
fp,2908,256,213
rtnl,3288,256,267
nlr,1516,128,146
fp,1088,128,106
rtnl,2576,256,196
rtnl,1752,128,166
rtnl,1212,128,120
fp,1332,128,130
nlr,184,16,38
tr,1340,128,128
rtnl,3552,256,275
rtnl,3192,256,244
tr,1072,128,109
tr,672,64,86
tr,1272,128,119
rtnl,1540,128,147
nlr,524,64,70
fp,5272,512,334
tr,288,32,50
rtnl,3964,256,297
fp,2264,256,170
nlr,1064,128,109
rtnl,3600,256,264
rtnl,5728,512,366
tr,860,64,93
fp,2120,128,180
rtnl,5320,512,341
tr,1124,128,109
tr,796,64,83
tr,1800,128,152
rtnl,3380,256,250
fp,3148,256,241
fp,2104,256,161
rtnl,3372,256,257
fp,3140,256,238
tr,928,128,95
rtnl,4264,256,349
nlr,956,64,118
tr,1032,64,120
fp,1312,128,126
nlr,1064,128,115
tr,964,64,114
fp,3140,256,256
tr,1540,128,149
tr,968,64,113
tr,948,64,114
rtnl,3260,256,266
tr,280,32,52
tr,2188,256,182
fp,2800,256,223
rtnl,4148,256,332
tr,1804,128,160
tr,736,64,98
nlr,620,64,82
nlr,1308,128,140
fp,1444,128,144
tr,908,64,104
nlr,2680,256,225
rtnl,5432,256,426
rtnl,984,64,109
tr,1656,128,163
rtnl,2368,256,193
nlr,628,64,83
rtnl,740,64,93
tr,600,64,78
rtnl,1888,128,184
fp,616,64,80
rtnl,3680,256,302
rtnl,4008,256,317
tr,300,32,54
fp,3100,256,255
nlr,1936,128,183
rtnl,3464,256,282
rtnl,3420,256,281
nlr,468,64,66
nlr,616,64,81
fp,5056,512,334
rtnl,3052,128,268
rtnl,6328,512,443
nlr,3240,256,259
rtnl,4788,512,324
rtnl,3732,256,299
rtnl,3732,256,302
rtnl,1888,128,183
nlr,1300,128,127
nlr,2436,256,204
rtnl,5812,512,408
fp,3360,256,272
fp,1628,128,148
rtnl,1680,128,168
tr,640,64,84
tr,1608,128,155
fp,2432,256,201
rtnl,3540,256,282
nlr,2124,256,177
tr,2008,256,164
tr,764,64,93
tr,768,64,92
tr,476,64,65
rtnl,3360,256,274
tr,1784,128,169
tr,1328,128,131
rtnl,1032,64,118
fp,1484,128,144
rtnl,2652,256,216
rtnl,2368,256,182
nlr,1516,128,156
tr,480,64,69
fp,2388,256,190
rtnl,7524,512,512
nlr,356,32,61
fp,6336,512,419
fp,2492,256,200
rtnl,3044,256,231
tr,604,64,78
tr,288,32,50
nlr,1064,128,106
nlr,1992,128,195
tr,1160,128,124
fp,1316,128,131
rtnl,2588,256,205
fp,2268,256,178
tr,1440,128,144
rtnl,3304,128,286
rtnl,5332,512,359
fp,5520,512,369
rtnl,3392,256,282
rtnl,7280,512,481
tr,1160,128,122
rtnl,2236,256,180
nlr,1052,64,121
nlr,3080,256,253
fp,2408,256,199
rtnl,3004,256,238
fp,2712,256,227
nlr,2376,256,197
tr,656,64,86
fp,1568,128,155
tr,1416,128,139
rtnl,6304,512,435
rtnl,1168,128,122
nlr,1324,128,139
tr,1836,128,169
fp,6288,512,409
fp,2516,256,207
tr,1348,128,133
tr,604,64,79
nlr,572,64,76
nlr,2468,256,204
rtnl,3432,256,280
tr,1260,128,136
rtnl,3556,256,274
rtnl,3172,256,266
tr,1400,128,140
fp,3012,256,244
rtnl,4168,256,326
tr,1328,128,133
tr,1072,128,117
fp,2384,256,189
fp,2016,128,180
nlr,2504,256,206
tr,408,32,65
nlr,624,64,80
nlr,1140,128,117
nlr,960,64,110
tr,816,64,96
tr,696,64,90
rtnl,2988,256,240
nlr,1316,128,140
tr,1032,128,109
tr,436,32,67
tr,1456,128,148
fp,5272,512,340
nlr,1028,128,110
nlr,1620,128,164
nlr,640,64,84
nlr,800,64,99
fp,3380,256,271
rtnl,1768,128,173
tr,1096,128,115
fp,2904,256,223
tr,1020,128,108
fp,4556,512,299
tr,1456,128,145
rtnl,3368,256,275
tr,440,32,72
nlr,636,64,75
fp,3156,256,255
rtnl,2092,128,196
fp,1360,128,132
rtnl,1784,128,166
rtnl,4272,256,342
rtnl,540,64,71
nlr,1444,128,144
fp,3076,256,242
tr,1408,128,139
fp,2440,256,201
rtnl,4212,256,312
nlr,2232,256,175
fp,2864,256,225
fp,1420,128,143
nlr,2756,256,206
fp,3032,256,232
rtnl,7196,512,463
nlr,1336,128,124
nlr,1860,128,167
rtnl,2180,128,198
tr,1240,128,117
tr,272,32,40
rtnl,7964,512,515
tr,956,128,100
tr,620,64,77
rtnl,6540,512,411
nlr,1896,128,173
rtnl,3072,256,230
nlr,2324,256,188
tr,532,64,65
nlr,716,64,87
fp,1384,128,133
fp,2920,256,220
nlr,1468,128,146
tr,1596,128,146
tr,1332,128,126
nlr,2692,256,215
tr,1248,128,117
fp,1432,128,135
tr,652,64,82
nlr,3552,256,275
rtnl,1396,128,133
rtnl,2796,128,238
nlr,1676,128,157
nlr,1688,128,153
rtnl,6284,512,400
nlr,1672,128,145
tr,932,128,93
tr,1384,128,125
rtnl,1788,128,153
fp,4432,512,275
rtnl,5888,512,354
rtnl,1012,64,85
rtnl,832,64,75
nlr,672,64,79
fp,1360,128,125
tr,476,64,65
rtnl,6184,512,379
tr,1476,128,133
nlr,3428,256,252
fp,1076,128,100
rtnl,3540,256,239
fp,1228,128,112
fp,3348,256,221
tr,1072,128,93
tr,400,32,60
tr,568,64,72
nlr,2536,256,195
tr,1808,128,154
tr,820,64,96
nlr,2556,256,196
rtnl,2372,128,197
nlr,800,64,89
tr,1016,128,100
rtnl,1120,128,106
fp,3148,256,234
fp,2412,256,179
tr,1108,128,114
rtnl,2936,256,229
tr,1380,128,127
nlr,668,64,79
nlr,388,32,54
rtnl,8484,512,524
fp,2784,256,209
nlr,3224,256,208
nlr,588,64,51
tr,708,64,87
fp,1888,128,164
tr,1080,128,85
rtnl,3184,256,228
nlr,2100,128,175
rtnl,6472,512,419
rtnl,5812,512,370
fp,4892,512,307
fp,576,64,71
rtnl,1888,128,174
tr,1436,128,134
nlr,2316,256,175
tr,1084,128,101
tr,1008,128,97
fp,4500,256,306
rtnl,700,64,59
nlr,1472,128,131
nlr,2056,128,146
rtnl,2756,256,209
tr,352,32,52
nlr,1288,128,125
nlr,704,64,87
fp,2384,256,177
tr,1844,128,140
nlr,1464,128,142
fp,1828,128,155
fp,3236,256,226
nlr,2772,256,180
rtnl,588,64,63
rtnl,832,64,98
nlr,1648,128,147
nlr,2492,256,178
nlr,2204,256,164
nlr,1120,128,113
rtnl,5836,512,367
rtnl,2252,256,169
nlr,2880,256,226
rtnl,1668,128,131
fp,2556,256,194
fp,4972,512,281
rtnl,2520,128,188
rtnl,1920,128,139
fp,1280,128,109
fp,5200,512,301
rtnl,3632,256,283
fp,1280,128,119
tr,1180,128,103
fp,1328,128,132
fp,1388,128,129
fp,996,64,106
tr,624,64,69
nlr,1872,128,169
nlr,3012,256,208
rtnl,5488,512,315
tr,1000,128,97
nlr,3196,256,237
tr,512,64,43
rtnl,7156,512,438
rtnl,1064,64,113
rtnl,2968,256,216
tr,440,64,55
nlr,1484,128,140
fp,1316,128,122
rtnl,2088,256,161
rtnl,1888,128,175
tr,516,64,61
nlr,1400,128,128
fp,2852,256,192
rtnl,1300,64,140
rtnl,4740,512,273
fp,3148,256,239
tr,1304,128,117
tr,556,64,65
tr,712,64,86
nlr,2752,256,194
rtnl,2672,256,207
rtnl,848,64,99
fp,1348,128,127
tr,1080,128,100
nlr,1496,128,143
rtnl,6336,512,377
rtnl,1980,128,176
nlr,360,32,55
tr,620,64,77
tr,564,64,69
tr,2084,256,156
tr,652,64,77
rtnl,4692,512,284
nlr,1304,128,124
rtnl,2320,256,169
tr,1384,128,123
tr,432,32,67
tr,1392,128,130
nlr,2540,256,185
rtnl,1372,128,94
tr,632,64,77
nlr,1088,64,113
rtnl,2404,256,165
nlr,1416,128,123
rtnl,2336,128,202
nlr,716,64,66
fp,808,64,94
fp,1004,128,93
nlr,1080,64,95
rtnl,3488,256,261
tr,2788,256,197
nlr,1356,128,124
nlr,1012,64,116
fp,1372,128,134
fp,1652,128,156
rtnl,3944,256,290
rtnl,2056,128,160
radt,5364,512,356
radt,3536,256,297
radt,2876,256,245
radt,5796,512,411
radt,1364,128,143
radt,2392,128,213
radt,3628,256,287
radt,2436,256,206
radt,3628,256,287
radt,3564,256,292
radt,1672,128,175
radt,2748,256,217
radt,1512,128,153
radt,2116,256,177
radt,3448,256,293
radt,1780,128,174
radt,2992,256,250
radt,1712,128,159
radt,6052,512,417
radt,3956,256,307
radt,3012,256,243
radt,5464,512,368
radt,2104,128,184
radt,2908,256,245
radt,2172,128,196
radt,5056,512,335
radt,1756,128,170
radt,1732,128,168
radt,1552,128,157
radt,1588,128,152
radt,1564,128,151
radt,7312,512,491
radt,1508,128,145
radt,1956,128,172
radt,1892,128,180
radt,2604,256,212
radt,3756,256,287
radt,3084,256,241
radt,900,64,99
radt,1744,128,171
radt,3244,256,258
radt,2844,256,229
radt,1180,128,120
radt,3396,256,266
radt,1048,64,118
radt,800,64,97
radt,1904,128,187
radt,3636,256,276
radt,1124,64,128
radt,3944,256,302
radt,1324,128,130
radt,2420,256,192
radt,2704,256,221
radt,3488,256,280
radt,1476,128,144
radt,2556,256,216
radt,2664,256,212
radt,2300,128,211
radt,2912,128,257
radt,3780,256,301
radt,1676,128,164
radt,876,64,109
radt,3176,256,251
radt,1056,64,122
radt,1540,128,153
radt,2916,256,226
radt,4156,256,322
radt,3228,256,254
radt,3448,256,280
radt,4880,256,349
radt,3248,256,258
radt,1428,128,142
radt,1340,128,135
radt,1556,128,148
radt,3520,256,289
radt,1320,128,122
radt,3432,256,270
radt,4372,256,348
radt,4236,256,330
radt,3492,256,263
radt,872,64,99
radt,2208,256,176
radt,3316,256,266
radt,2884,256,224
radt,1604,128,155
radt,2716,256,228
radt,2756,256,214
radt,1168,64,134
radt,1608,128,153
radt,1688,128,162
radt,3244,256,247
radt,1676,128,164
radt,2812,256,214
radt,5032,512,321
radt,860,64,97
radt,2764,256,210
radt,3020,256,242
radt,1636,128,154
radt,1116,128,117
radt,3560,256,283
